[DASH_CAM]
POS=-0.346661,0.917463,-0.205356
EXP=33
