[DASH_CAM]
POS=-0.338555,0.984921,-0.218903
EXP=26
