[HEADER]
EDIT_MODE=0
INTENSITY=80
BURN_FUEL_MULT=20

[FLAME_0]
POSITION=0.5395696,0.23,-2.26
DIRECTION=0.1195151,0.07805326,-0.9897596
VSIZE_START=0.05
VSIZE_END=0.15
LSIZE=1.5

