[HEADER]
EDIT_MODE=0
INTENSITY=100.0
EDIT_BIG=1
EDIT_STATE=2
BURN_FUEL_MULT=2
FLASH_THRESHOLD=3

[FLAME_0]
POSITION=0.5125803,0.1875115,-2.282993
DIRECTION=0.2060512,0.1132937,-0.9719607
VSIZE_START=1.3
VSIZE_END=0.4
LSIZE=0.6
SIZE_MULT=3
IS_LEFT=1
GROUP=0

