[CAMERA_0]
POSITION=26.1526 ,1.16374 ,101.44
FORWARD=-0.763884 ,-0.0821309 ,-0.640105
UP=-0.0659746 ,0.99661 ,-0.0491404
FOV=60
EXPOSURE=40

[CAMERA_1]
POSITION=-0.27597 ,0.444942 ,0.394241
FORWARD=-0.067481 ,-0.159319 ,0.98492
UP=-0.0108901 ,0.987227 ,0.158946
FOV=60
EXPOSURE=40

[CAMERA_2]
POSITION=0.407623 ,0.493361 ,-0.35936
FORWARD=-0.0696603 ,-0.0898786 ,-0.993515
UP=-0.00628634 ,0.995952 ,-0.0896586
FOV=60
EXPOSURE=40

[CAMERA_3]
POSITION=-0.431885 ,0.493362 ,-0.300507
FORWARD=-0.0696603 ,-0.0898786 ,-0.993515
UP=-0.00628633 ,0.995952 ,-0.0896586
FOV=60
EXPOSURE=40

