[DASH_CAM]
POS=-0.32649,0.95422,-0.246319
EXP=0
