[DASH_CAM]
POS=-0.358088,0.985076,-0.226341
EXP=27
