[DASH_CAM]
POS=-0.355636,0.876309,-0.483021
EXP=27
