[DASH_CAM]
POS=-0.321613,0.919415,-0.217759
EXP=33
