[DASH_CAM]
POS=-0.343927,0.91928,-0.225373
EXP=27
