[CAMERA_0]
POSITION=1.0758,0.49046,0.44281
FORWARD=-0.089872,-0.12816,0.98767
UP=-0.048662,0.99107,0.12417
FOV=60
EXPOSURE=21
EXTERNAL_SOUND=1

[CAMERA_1]
POSITION=1.01,0.50508,0.055432
FORWARD=0.13763,0.01698,-0.99034
UP=0.0033402,0.99984,0.017607
FOV=71
EXPOSURE=40
EXTERNAL_SOUND=1

[CAMERA_2]
POSITION=-0.92097,1.1446,-0.9891
FORWARD=-0.06819,-0.1765,0.98194
UP=0.040155,0.98294,0.17947
FOV=55
EXPOSURE=40
EXTERNAL_SOUND=1

[CAMERA_3]
POSITION=-0.0018387,0.9889,-0.84961
FORWARD=-0.0031376,-0.14911,0.98882
UP=-0.009413,0.98878,0.14908
FOV=59
EXPOSURE=40
EXTERNAL_SOUND=0
