[DASH_CAM]
POS=-0.313458,1.13073,-0.136409
EXP=26
