[SETTINGS]
WIDTH=1.10604989528656
LENGTH=2.47631978988647

