[DASH_CAM]
POS=-0.349648,1.04021,-0.17559
EXP=0
