[DASH_CAM]
POS=-0.359739,0.928440,-0.05
EXP=28
