[SETTINGS]
WIDTH=1.08965826034546
LENGTH=2.39687561988831

