[DASH_CAM]
POS=-0.374268,0.914986,-0.0469495
EXP=15
