[HEADER]
EDIT_MODE=0
INTENSITY=200.0
EDIT_BIG=1
EDIT_STATE=4
BURN_FUEL_MULT=2
FLASH_THRESHOLD=10

[FLAME_0]
POSITION=-0.4,0.12597,-1.95887
DIRECTION=-0.0406005,-0.04296236,-0.9982514
VSIZE_START=0.1
VSIZE_END=0.1
LSIZE=0.2
SIZE_MULT=0.6
IS_LEFT=0
GROUP=0

[FLAME_1]
POSITION=0.4120066,0.1156099,-1.977667
DIRECTION=0.08042407,-0.07436663,-0.9939827
VSIZE_START=10.1
VSIZE_END=10.1
LSIZE=10.2
SIZE_MULT=10.6
IS_LEFT=1
GROUP=1

