[DASH_CAM]
POS=-0.344259,0.936114,-0.173688
EXP=0
