[DASH_CAM]
POS=-0.335728,0.999178,-0.204848
EXP=0
