[DASH_CAM]
POS=-0.328071,1.10973,-0.155443
EXP=26
