[SETTINGS]
WIDTH=1.04132163524628
LENGTH=2.52719140052795

