[DASH_CAM]
POS=-0.329193,0.937237,-0.191716
EXP=0
