[DASH_CAM]
POS=-0.319432,1.00014,-0.218689
EXP=0
