[SETTINGS]
WIDTH=1.03929805755615
LENGTH=2.35241627693176

