[DASH_CAM]
POS=-0.294711,1.06705,-0.0728252
EXP=26
