[DASH_CAM]
POS=-0.340888,0.869541,-0.23072
EXP=23
