[DASH_CAM]
POS=-0.331426,0.964264,-0.100719
EXP=26
