[HEADER]
EDIT_MODE=0
INTENSITY=10
BURN_FUEL_MULT=1.5
EDIT_BIG=1
EDIT_STATE=2
FLASH_THRESHOLD=1

[FLAME_0]
POSITION=0.47,0.27,-2.25
DIRECTION=0.1584262,0.1618437,-0.9740163
VSIZE_START=0.15
VSIZE_END=0.1
LSIZE=0.2
IS_LEFT=1
GROUP=4

[FLAME_1]
POSITION=0.57,0.27,-2.26
DIRECTION=0.1584262,0.1618437,-0.9740163
VSIZE_START=0.15
VSIZE_END=0.1
LSIZE=0.2
IS_LEFT=1
GROUP=4

