[SETTINGS]
WIDTH=1.07843589782715
LENGTH=2.88170289993286

