[DASH_CAM]
POS=-0.345993,0.85461,0.213787
EXP=23
