[SETTINGS]
WIDTH=1.00344252586365
LENGTH=2.460773229599

