[DASH_CAM]
POS=-0.313671,1.04687,-0.129568
EXP=26
