[DASH_CAM]
POS=-0.349648,1.05102,-0.163912
EXP=0
