[HEADER]
EDIT_MODE=0
INTENSITY=80
BURN_FUEL_MULT=20

[FLAME_0]
POSITION=0.3541285,0.2998724,-2.152055
DIRECTION=0,-0.0499376,-0.9987524
VSIZE_START=0.05
VSIZE_END=0.15
LSIZE=1.5

[FLAME_1]
POSITION=0.4430938,0.2998724,-2.152055
DIRECTION=0,-0.0499376,-0.9987524
VSIZE_START=0.05
VSIZE_END=0.15
LSIZE=1.5

