[DASH_CAM]
POS=-0.344259,0.96772,-0.169101
EXP=0
