[DASH_CAM]
POS=-0.374418,0.924814,-0.238051
EXP=25
